163,35
148,3
148,2
148,1
148,0
147,3
147,2
147,1
147,0
146,3
146,2
146,1
146,0
145,3
145,2
145,1
145,0
144,3
144,2
144,1
144,0
143,3
143,2
143,1
143,0
142,0
141,11
141,10
141,9
141,8
141,7
141,6
141,5
141,4
141,3
141,2
141,1
18,2
141,0
140,6
140,5
140,4
140,3
18,1
140,2
140,1
18,3
140,0
139,5
139,4
139,3
139,2
139,1
17,1
139,0
138,74
138,73
138,72
138,71
138,70
138,69
138,68
17,3
138,67
138,66
138,65
138,64
138,40
138,39
138,38
138,37
138,36
138,35
138,34
138,33
138,32
138,31
138,30
138,29
138,28
138,27
138,26
138,25
138,24
138,23
138,22
138,21
138,20
138,19
138,18
138,17
138,16
138,15
138,14
138,13
138,12
138,11
138,10
138,9
138,8
138,7
138,6
138,5
138,4
138,1
98,4
98,3
98,1
79,1
79,3
16,2
17,2
